camera_matrix:
- - 989.7401733996676
  - 0.0
  - 653.722269583225
- - 0.0
  - 998.6480259127959
  - 347.6110988550802
- - 0.0
  - 0.0
  - 1.0
dist_coeff:
- - 0.12258701487358191
  - -0.7697440600045707
  - -0.007901435021400225
  - 0.004561236946407535
  - 1.1634877488899464
